sample_id	..filter..	count	diversity	mean_frequency	geomean_frequency	nc_diversity	nc_frequency	mean_cdr3nt_length	mean_insert_size	mean_ndn_size	convergence
S22_BND	conv:MiXcr	33518	2165	4.6189376443416696E-4	4.120436678925146E-5	98	0.0032818187242675575	49.2523420251805	75.46927024285459	88.73405334447163	1.0393662986077772
S25_BND	conv:MiXcr	41346	2334	4.2844901456727107E-4	3.309672418546388E-5	127	0.00382140956803561	45.5693658395008	44.55429787645721	56.377134426546704	1.0268367795864497
S229_BND	conv:MiXcr	44729	4669	2.141786249732287E-4	3.043711971023969E-5	239	0.05562386818395287	44.04283574414809	16.76279371325091	28.086051554919628	1.0482712168837
HC1_BND	conv:MiXcr	33946	5960	1.677852348993318E-4	6.704056464868569E-5	598	0.039150415365580865	51.32557591468803	16.561391621987863	30.19198138219525	1.1395793499043978
HC2_BND	conv:MiXcr	41772	9878	1.012350678275031E-4	5.382586998070344E-5	731	0.029182227329311673	51.50406971176865	14.571938140381116	29.02626161064828	1.1388056260087618
HC4_BND	conv:MiXcr	25361	1450	6.89655172413797E-4	1.0967106021081061E-4	177	0.02559047356176823	50.81857970900201	16.176057726430347	29.57690942786168	1.0748702742772425
S22_NAIVE 	conv:MiXcr	33600	8595	1.1634671320535431E-4	6.397540373753702E-5	604	0.030357142857142458	51.001577380952384	13.630595238095237	27.62613095238095	1.1360031720856463
S25_NAIVE 	conv:MiXcr	46706	9666	1.0345541071797663E-4	4.9630973450822016E-5	744	0.03029589346122621	50.9658502119642	14.542350019269472	28.362929816297694	1.1412042502951594
S229_NAIVE 	conv:MiXcr	52850	13523	7.394808844192015E-5	4.0390703083903405E-5	1012	0.03103122043519436	49.9561967833491	14.142346263008514	27.70484389782403	1.1339091061546203
HC1_NAIVE 	conv:MiXcr	41612	10084	9.916699722333115E-5	5.2539064585199215E-5	793	0.03575891569739598	50.55940594059406	13.339901951360185	27.022829952898203	1.1435699705148559
HC2_NAIVE 	conv:MiXcr	35197	3211	3.114294612270377E-4	7.882937056486091E-5	306	0.026820467653492986	50.74708071710657	12.84504361167145	27.17339545984033	1.1038157442420076
HC4_NAIVE 	conv:MiXcr	33319	9610	1.0405827263267521E-4	6.308147978098202E-5	686	0.03241393799333658	50.27749932470962	14.3716798223236	27.96083315825805	1.1166627933999536
S22_ACS	conv:MiXcr	36160	1125	8.888888888888868E-4	7.965731710847346E-5	132	0.005282079646017723	46.326714601769915	59.52264933628319	69.26460176991151	1.0693916349809887
S25_ACS	conv:MiXcr	42054	928	0.0010775862068965426	6.832633324518914E-5	96	0.015218528558520041	47.115256574879915	14.587387644457127	25.050934512769295	1.1008303677342823
S229_ACS	conv:MiXcr	44825	1055	9.478672985781969E-4	5.0369853154984924E-5	100	0.004127161182375924	47.44292247629671	63.8261684327942	74.34732849972114	1.063508064516129
HC1_ACS	conv:MiXcr	36318	4202	2.379819133745825E-4	7.650970848078484E-5	419	0.03282119059419586	51.04221047414505	14.551434550360703	28.523569579822677	1.1477738322862605
HC2_ACS	conv:MiXcr	42581	922	0.0010845986984815642	4.992054383463931E-5	103	0.00481435381977876	46.94579742138512	24.703858528451658	37.066884291115755	1.0394588500563697
HC4_ACS	conv:MiXcr	28636	627	0.0015948963317384455	1.0395995516787314E-4	94	0.005761977929878468	48.580143874842854	47.3627601620338	59.243888811286496	1.1156583629893237
S22_MEMORY	conv:MiXcr	39331	2677	3.7355248412402123E-4	1.1486494169991853E-4	175	0.012992296153161657	50.299280465790346	28.136533523175103	40.841321095319216	1.1117109634551494
S25_MEMORY	conv:MiXcr	55005	1432	6.983240223463584E-4	4.462525208952241E-5	82	0.012289791837105709	48.22636123988728	23.908590128170168	35.893864194164166	1.027997128499641
S229_MEMORY	conv:MiXcr	69694	2710	3.690036900368983E-4	7.382081735321478E-5	219	0.01668723276035233	48.327933538037705	21.49532240938962	33.07167044508853	1.0788216560509554
HC1_MEMORY	conv:MiXcr	39976	6192	1.6149870801033804E-4	7.477177746979803E-5	350	0.017960776465879673	46.35238643185912	19.16822593556134	30.148864318591155	1.125
HC2_MEMORY	conv:MiXcr	56681	7208	1.3873473917868628E-4	5.654389028395896E-5	457	0.018013090806442995	46.366507295213566	20.751204107196415	31.712954958451686	1.1329770512417479
HC4_MEMORY	conv:MiXcr	67738	1597	6.261740763932365E-4	6.52685687081204E-5	134	0.01338982550414832	47.86469928252975	22.096799433109922	34.07369570994124	1.0417482061317678
HC257_BND	conv:MiXcr	350143	41400	2.415458937198253E-5	8.70001861133296E-6	3238	0.02527253150855547	51.967933101618485	23.707188205961565	36.52250080681322	1.1219816255183068
HC258_BND	conv:MiXcr	298620	11412	8.762705923589693E-5	1.3666843768314711E-5	1140	0.02625410220347019	53.651419864711	20.11154309825196	34.15544839595473	1.0498620055197792
HC259_BND	conv:MiXcr	362332	10383	9.631127805065812E-5	1.2375553698623851E-5	1136	0.035296358036273456	51.92472649393374	15.406850623185365	28.6180022741574	1.0521888933927848
HC260_BND	conv:MiXcr	323440	9409	1.0628122010840411E-4	1.3556485760247939E-5	1144	0.02410338857284202	52.56617610685135	16.752414667326242	30.582800519416274	1.0542296918767506
S253_BND	conv:MiXcr	294508	5284	1.892505677517001E-4	1.1992420183924096E-5	635	0.03561533133225718	49.5834442527877	15.346574626156166	28.0562870957665	1.0597673485760128
S262_BND	conv:MiXcr	286674	3228	3.097893432465922E-4	1.3097912259023615E-5	469	0.05955894151544902	48.798460969603106	19.456089495385	32.39426665829479	1.0453367875647668
S274_BND	conv:MiXcr	270133	6506	1.537042729787978E-4	1.1693708420116556E-5	847	0.023084924833324	48.26506942876287	65.09126985595984	77.14349227972887	1.0723586616119993
S307_BND	conv:MiXcr	241392	5732	1.7445917655268268E-4	1.7111507185960757E-5	741	0.02303307483263721	49.82254590044409	37.92791393252469	50.39932972095181	1.0638455827765405
HC257_NAIVE	conv:MiXcr	401135	84457	1.1840344790835311E-5	6.3452710938591744E-6	6002	0.03192940032656526	51.2046941802635	14.234933376544056	28.13169880464183	1.1280636845690473
HC258_NAIVE	conv:MiXcr	388953	31739	3.150697879580589E-5	1.0759948886653342E-5	2323	0.026532768740698605	51.67716664995513	12.698832506755314	26.7839790411695	1.0961113413454897
HC259_NAIVE	conv:MiXcr	367695	16030	6.238303181533928E-5	1.3140343190449195E-5	1347	0.022695440514555833	51.2258910238105	12.91910958810971	26.89567712370307	1.0471648811079175
HC260_NAIVE	conv:MiXcr	363492	35339	2.829734853843871E-5	9.79851931666408E-6	2595	0.023458563049529244	51.85609311896823	15.198417021557558	29.27102659755923	1.108535399479281
S253_NAIVE	conv:MiXcr	316319	28793	3.4730663702979045E-5	1.0622918011883387E-5	2480	0.02768091704893018	49.81735210341459	16.044034661212258	30.259955930563766	1.1074230769230768
S262_NAIVE	conv:MiXcr	366058	30730	3.254149040026079E-5	1.0472496096990884E-5	2207	0.024605390402614627	49.239606838260606	12.618074184965224	26.455119134126285	1.1134864845278643
S274_NAIVE	conv:MiXcr	371157	29721	3.364624339692548E-5	9.022338706657984E-6	2190	0.01880066925856161	47.57072882904	27.34121678966044	40.94591237670312	1.0825744882348656
S307_NAIVE	conv:MiXcr	359636	12691	7.879599716334622E-5	1.6128691289900413E-5	1451	0.021569030909030135	48.89706258550312	31.53345883059538	45.89843063542026	1.0687157894736843
HC257_ASC	conv:MiXcr	347723	8243	1.2131505519835434E-4	1.3871010401990474E-5	656	0.003229582167414839	47.268903696333	82.48824782945046	94.59430351170329	1.0769532270708126
HC258_ASC	conv:MiXcr	396635	4715	2.120890774125162E-4	1.0070878976863818E-5	416	0.0035649904824334414	43.914667137292476	56.68130649085431	68.43666343111425	1.0571748878923768
HC259_ASC	conv:MiXcr	389379	5514	1.8135654697134536E-4	1.0532059091983013E-5	550	0.00503365615505726	45.30986776379825	53.6329925342661	64.84723624026977	1.0942647350664814
HC260_ASC	conv:MiXcr	353346	4247	2.3546032493525047E-4	1.4390736429252961E-5	467	0.003483837371867778	47.712485778811704	52.18963282448365	62.53543552212279	1.0814871403106696
S253_ASC	conv:MiXcr	395945	1749	5.717552887364264E-4	6.155994297923276E-6	134	0.0010077157180921645	46.845294169644774	61.51238934700527	71.56994532068848	1.0625759416767921
S262_ASC	conv:MiXcr	351301	1458	6.858710562414221E-4	1.7366414693170827E-5	144	0.0014090480812750197	45.70390633673118	46.1566548344582	57.419603132356585	1.0657894736842106
S274_ASC	conv:MiXcr	384877	1624	6.157635467980322E-4	1.6991159227968654E-5	198	0.001566734307324148	46.218830951187	61.13765696573191	77.20976052089368	1.0642201834862386
S307_ASC	conv:MiXcr	372266	992	0.0010080645161290392	9.535293467101847E-6	120	0.0015445944566519654	45.372967179382485	85.58659668086798	95.78830997190181	1.0365726227795193
HC257_MEMORY	conv:MiXcr	317648	36735	2.7221995372262623E-5	9.30112874512363E-6	2229	0.013417367652244867	47.26945549790963	27.85464413438775	38.74616556691684	1.137517805165046
HC258_MEMORY	conv:MiXcr	360866	34162	2.9272290849489844E-5	9.331075194464297E-6	2434	0.018034395038602342	47.13726978989431	24.3078705114918	35.98653516817877	1.1234174093196094
HC259_MEMORY	conv:MiXcr	355464	19651	5.0887995521856285E-5	1.4031406331978056E-5	1336	0.013435959759638865	47.38560585600792	19.255753043908808	30.811120113429208	1.087192254495159
HC260_MEMORY	conv:MiXcr	347270	12516	7.989773090444074E-5	1.771690764690805E-5	1000	0.013418953551991436	47.7264318829729	24.6873988539177	36.016091225847326	1.0728613063603634
S253_MEMORY	conv:MiXcr	270258	6414	1.5590894917368687E-4	9.840477212139443E-6	588	0.0203768251078596	50.138734098528076	23.01002745524647	35.15570306891933	1.036020029074463
S262_MEMORY	conv:MiXcr	276887	18112	5.52120141342783E-5	1.6077440169029882E-5	1573	0.024703218280383247	48.55723092814036	21.597153351367165	33.595264494179936	1.1136251844564682
S274_MEMORY	conv:MiXcr	336607	9867	1.01347927434882E-4	5.795733921193545E-6	629	0.01570080241943898	48.03204924437103	49.81184883261489	60.77222992985886	1.0410424140113947
S307_MEMORY	conv:MiXcr	372324	14152	7.066139061616735E-5	1.6201779225506114E-5	1318	0.01646952654139926	47.74630966577497	39.71656675368765	52.02763184753064	1.090460779781168
